        [
          956.3106796116505,
          714.5631067961165
        ],
        [
          986.8932038834952,
          702.9126213592233
        ],
        [
          1022.3300970873786,
          669.4174757281553
        ],
        [
          1046.6019417475727,
          684.4660194174758
        ],
        [
          1066.990291262136,
          668.4466019417475
        ],
        [
          1109.7087378640776,
          710.6796116504854
        ],
        [
          1133.9805825242718,
          722.8155339805825
        ],
        [
          1101.9417475728155,
          734.4660194174758
        ],
        [
          1064.5631067961165,
          746.1165048543689
        ],
        [
          1040.2912621359224,
          742.2330097087379
        ],
        [
          1014.5631067961165,
          742.7184466019418
        ],
        [
          970.3883495145631,
          729.6116504854368
        ]
      ]