        [
          949.4845360824743,
          713.4020618556701
        ],
        [
          984.020618556701,
          703.0927835051547
        ],
        [
          1027.8350515463917,
          667.5257731958764
        ],
        [
          1044.3298969072166,
          682.4742268041238
        ],
        [
          1066.4948453608247,
          669.0721649484536
        ],
        [
          1108.2474226804125,
          706.7010309278351
        ],
        [
          1135.0515463917527,
          721.6494845360825
        ],
        [
          1104.639175257732,
          734.5360824742269
        ],
        [
          1061.8556701030927,
          748.4536082474227
        ],
        [
          1035.5670103092784,
          740.2061855670104
        ],
        [
          1014.4329896907217,
          745.360824742268
        ],
        [
          962.8865979381444,
          727.319587628866
        ]
      ]